%YAML:1.0
---
calibration_time: "Fr 05 Okt 2018 17:30:48 CEST"
nr_of_frames: 60
image_width: 1280
image_height: 960
board_width: 9
board_height: 6
square_size: 3.5999998450279236e-02
fix_aspect_ratio: 1.
# flags: +fix_skew +recompute_extrinsic
flags: 10
fisheye_model: 1
camera_matrix: !!opencv-matrix
   rows: 3
   cols: 3
   dt: d
   data: [ 5.8455874969229978e+02, 0., 6.4209718692465435e+02, 0.,
       5.8447883384435545e+02, 4.8291130272228099e+02, 0., 0., 1. ]
distortion_coefficients: !!opencv-matrix
   rows: 4
   cols: 1
   dt: d
   data: [ -6.8414739026461294e-02, 1.3408636144278493e-01,
       -1.6191146220225244e-01, 6.5952183533894412e-02 ]
avg_reprojection_error: 2.5628999150503131e+02
per_view_reprojection_errors: !!opencv-matrix
   rows: 10
   cols: 1
   dt: f
   data: [ 4.59687853e+00, 8.33447170e+00, 6.31281328e+00,
       2.43576721e+02, 3.14435089e+02, 3.18844788e+02, 3.18798584e+02,
       4.32498047e+02, 1.23034645e+02, 3.05007355e+02 ]
# a set of 6-tuples (rotation vector + translation vector) for each view
extrinsic_parameters: !!opencv-matrix
   rows: 60
   cols: 6
   dt: d
   data: [ -1.4678566099988041e-01, -1.1787541823260661e-01,
       -3.1207574450099567e+00, 1.6134026154645451e-01,
       3.0042979579358624e-02, 6.2554651526262062e-01,
       -1.4273810207648199e-01, -1.4975140635881176e-01,
       -3.1188965902775316e+00, 1.6167739682436233e-01,
       3.0353326453356942e-02, 6.2919895812071658e-01,
       -1.1207844306081088e-01, -2.9178210966522674e-02,
       -3.1271673519023087e+00, 1.6018913532977977e-01,
       2.9496971254801697e-02, 6.2539566054469165e-01,
       -1.0272685117045799e-01, 4.4524753293388826e-03,
       -3.1281940475424155e+00, 1.5838226233573452e-01,
       2.9485761046002097e-02, 6.2333531983460067e-01,
       -1.0242806414551008e-01, 2.1740360734959210e-03,
       -3.1281262508175289e+00, 1.5840995052068427e-01,
       2.9502173086698169e-02, 6.2366000330773008e-01,
       -1.0378909040699087e-01, -6.7893869122575947e-03,
       -3.1279527296659082e+00, 1.5843684877083605e-01,
       2.9508150370274801e-02, 6.2452771198292234e-01,
       -1.0367131232913161e-01, -8.3954630453580547e-03,
       -3.1279657280545714e+00, 1.5845022037535617e-01,
       2.9496026870378105e-02, 6.2466926639603071e-01,
       -1.0876474557176391e-01, -5.2845277882369132e-02,
       -3.1265402457918645e+00, 1.5871683264094832e-01,
       2.9616837934784538e-02, 6.3019993453850320e-01,
       -1.5059276490452361e-01, -1.0571683679665737e-02,
       -3.1334927136508135e+00, 2.3003836240451264e-01,
       4.2743652934485918e-04, 6.2541652037433348e-01,
       -5.2898685802832224e-01, -3.0637176118656368e-02,
       -3.0724331581678008e+00, 4.2227031565179057e-01,
       9.6450395883264269e-03, 5.3054506537633139e-01,
       -7.8946428351537434e-01, -3.4988614266948215e-02,
       -3.0188438652667653e+00, 5.1145230739415182e-01,
       2.1627595330800834e-02, 5.1250382730285582e-01,
       -8.6451163208259396e-01, -3.4535391703867435e-02,
       -3.0052729084607162e+00, 5.2435482202099593e-01,
       2.5607600110425763e-02, 5.2181784876085979e-01,
       -8.6391693734948793e-01, -2.5532026352880768e-04,
       -3.0125016554771284e+00, 5.2228444186670031e-01,
       2.5399631084974589e-02, 5.1868558651606611e-01,
       -8.4688657965661995e-01, 2.9504317876672015e-02,
       -3.0161327641278151e+00, 5.7378402685134633e-01,
       1.6463460202079883e-02, 4.8374577323277845e-01,
       -5.7127690471865689e-01, -1.3756575162202541e-02,
       -3.0818030388055981e+00, 4.2951621307190413e-01,
       2.5421988487385309e-02, 2.5396386741601407e-01,
       -5.7067652293463178e-01, -2.3433637804519047e-03,
       -3.0833068828790871e+00, 4.2905451257604688e-01,
       2.5417306369082193e-02, 2.5274104169233624e-01,
       -4.8523625418525779e-01, -1.6496362510032392e-02,
       -3.0961235736029402e+00, 4.0750397916356224e-01,
       2.5756623892838556e-02, 2.6526022086439466e-01,
       -3.5660465613635911e-01, -2.4090720504203734e-02,
       -3.1118745559620358e+00, 3.3430334939153572e-01,
       2.6873135492208995e-02, 2.9136963492001988e-01,
       -1.9726041625209489e-01, -5.5752400767049744e-02,
       -3.1231892279675839e+00, 2.4803369863157865e-01,
       2.8035199376898138e-02, 3.1546480342945510e-01,
       -8.7422875032467651e-02, -3.4475542509442729e-02,
       -3.1264326983039430e+00, 1.1853981505077302e-01,
       2.9313671163803168e-02, 3.2927751731848892e-01,
       -2.1407841109585615e-02, -4.3347175216214930e-02,
       -3.1252783855677553e+00, 2.5434213827340756e-02,
       3.0071269653527251e-02, 3.3143446949811112e-01,
       -6.1998493761669911e-03, -1.3815890831485825e-02,
       -3.1233918178980806e+00, -6.1078197212772647e-02,
       3.0569112089067447e-02, 3.2559397574467885e-01,
       -1.2067299323037389e-02, -1.3364350192490463e-02,
       -3.1227293693791820e+00, -1.2012098143713827e-01,
       3.0739972936079479e-02, 3.2378640400130632e-01,
       -2.8530652573187962e-02, -1.0423546698050736e-02,
       -3.1217755935444642e+00, -1.8402308293799557e-01,
       3.0796720569616780e-02, 3.2304926825445196e-01,
       -3.2493412780661104e-02, -4.1108595674729000e-03,
       -3.1213465517573087e+00, -2.0933874893485990e-01,
       3.0790168711656369e-02, 3.2281523160922110e-01,
       8.7699327895921844e-03, 1.6512142361652032e-02,
       3.1372649793444047e+00, -2.2267341153849193e-01,
       1.7434443638141540e-02, 3.3052938063717024e-01,
       -2.9008289895450668e-02, 4.9574192137299959e-02,
       3.1395428325443326e+00, -2.3012171433154341e-01,
       -7.0799139235780253e-02, 3.3808411526165855e-01,
       -5.5886892277945358e-03, -4.0327498715362002e-02,
       3.1317007111300490e+00, -1.9993170648912265e-01,
       -2.0855772946582882e-01, 3.5940189164604835e-01,
       -2.3340174853209474e-03, -5.3445784242659673e-02,
       3.1363104326946365e+00, -1.9589543653503513e-01,
       -2.2676174976332095e-01, 3.6075844140310381e-01,
       1.8736322612633836e-02, 3.6569251317947360e-02,
       -3.1283410609588671e+00, -1.6286573907910296e-01,
       -1.9858378204975388e-01, 3.5526637056652882e-01,
       2.3968255155923508e-02, 4.0507210782748951e-02,
       -3.1325066048153620e+00, -1.5251687669634989e-01,
       -1.7990022166472813e-01, 3.5426971982118671e-01,
       2.4477627014838660e-02, 2.9122049534069796e-02,
       -3.1245031503116407e+00, -1.4307021018681262e-01,
       -1.6194547231458084e-01, 3.5098137292186876e-01,
       3.8684983575132489e-02, 3.2008520124201023e-02,
       -3.1196688177483716e+00, -1.2690112962283553e-01,
       -1.5756749258540276e-01, 3.5328193784569073e-01,
       4.7466918729925291e-02, 4.0240871601901679e-02,
       -3.1240555162652903e+00, -1.1100019329003394e-01,
       -1.6368158389404297e-01, 3.5462872791877359e-01,
       -4.4698664357722274e-02, -4.0086043834195638e-02,
       3.1384836724408980e+00, -3.0574682991049460e-02,
       -1.7811513025820930e-01, 3.4770366878265213e-01,
       -5.1353976521186846e-02, -4.6305365890278068e-02,
       3.1353311035888010e+00, 2.2894006150978922e-02,
       -1.7613723993948247e-01, 3.4247675854161902e-01,
       -5.7120866732576367e-02, -4.2865671307139086e-02,
       3.1323376852280460e+00, 9.0587225593162346e-02,
       -1.6826448701679353e-01, 3.3326761075033884e-01,
       -7.7315521663567977e-02, -1.5014697787628444e-02,
       3.1202842553367454e+00, 1.4573085057971008e-01,
       -1.4753758564089448e-01, 3.2241237125362460e-01,
       -5.3658713864696686e-02, -2.2647436291079494e-02,
       3.1336631120946294e+00, 1.6585836490968867e-01,
       -1.2523864899953518e-01, 3.0843923219074826e-01,
       -5.0263727581271650e-02, -3.0527306954974961e-02,
       3.1283378145841705e+00, 1.7356481264856496e-01,
       -1.1908166585699582e-01, 3.1059054210072229e-01,
       -5.0156474715202404e-02, -2.0703846520779744e-02,
       3.1242188651243512e+00, 1.7389818057750842e-01,
